22 0.716796875 0.7265625 0.3125 0.37109375
27 0.453125 0.822265625 0.25 0.341796875
21 0.525390625 0.47265625 0.1015625 0.17578125
14 0.47265625 0.63671875 0.169921875 0.142578125
26 0.240234375 0.740234375 0.259765625 0.1875
30 0.234375 0.873046875 0.201171875 0.189453125
30 0.0703125 0.84765625 0.140625 0.203125
22 0.482421875 0.162109375 0.142578125 0.13671875
15 0.4375 0.443359375 0.099609375 0.16015625
0 0.177734375 0.408203125 0.197265625 0.45703125
19 0.626953125 0.546875 0.1328125 0.2578125