22 0.462890625 0.251953125 0.23828125 0.42578125
22 0.373046875 0.51953125 0.16796875 0.2734375
22 0.314453125 0.734375 0.2734375 0.4375
21 0.482421875 0.474609375 0.078125 0.11328125
15 0.55859375 0.453125 0.08984375 0.18359375
14 0.533203125 0.6328125 0.171875 0.15625
27 0.552734375 0.814453125 0.23828125 0.33984375
11 0.6953125 0.591796875 0.1953125 0.15625
0 0.822265625 0.42578125 0.17578125 0.4375
26 0.767578125 0.734375 0.2734375 0.1953125
30 0.76953125 0.875 0.171875 0.17578125
30 0.927734375 0.84765625 0.14453125 0.2265625