22 0.302734375 0.736328125 0.296875 0.4765625
19 0.369140625 0.552734375 0.13671875 0.25
21 0.470703125 0.470703125 0.0859375 0.1171875
15 0.5625 0.455078125 0.08984375 0.13671875
22 0.548828125 0.298828125 0.125 0.109375
11 0.67578125 0.591796875 0.16796875 0.19140625
22 0.470703125 0.61328125 0.09765625 0.19140625
14 0.521484375 0.64453125 0.1640625 0.1328125
27 0.533203125 0.833984375 0.25390625 0.33203125
26 0.751953125 0.751953125 0.28125 0.2109375
30 0.751953125 0.89453125 0.1796875 0.203125
30 0.91796875 0.87109375 0.1484375 0.24609375
0 0.818359375 0.447265625 0.17578125 0.45703125