22 0.55078125 0.25390625 0.2578125 0.4375
22 0.625 0.52734375 0.18359375 0.28125
22 0.673828125 0.7421875 0.296875 0.44921875
21 0.51953125 0.4765625 0.08203125 0.1171875
15 0.4453125 0.451171875 0.1015625 0.1875
14 0.458984375 0.630859375 0.1796875 0.1640625
27 0.431640625 0.810546875 0.2578125 0.34765625
11 0.30078125 0.58203125 0.203125 0.16796875
0 0.181640625 0.41015625 0.19921875 0.4453125
26 0.220703125 0.71875 0.28125 0.20703125
30 0.2109375 0.859375 0.1796875 0.18359375
30 0.06640625 0.82421875 0.1328125 0.234375