22 0.7265625 0.708984375 0.36328125 0.48828125
21 0.5078125 0.46875 0.140625 0.1640625
22 0.54296875 0.60546875 0.1171875 0.203125
22 0.38671875 0.30078125 0.1328125 0.15234375
15 0.4296875 0.453125 0.140625 0.203125
19 0.63671875 0.525390625 0.17578125 0.26171875
14 0.494140625 0.638671875 0.18359375 0.1640625
27 0.51171875 0.82421875 0.28125 0.3515625
11 0.32421875 0.640625 0.203125 0.1953125
0 0.181640625 0.47265625 0.25390625 0.46484375
26 0.283203125 0.787109375 0.296875 0.24609375
30 0.30078125 0.904296875 0.2109375 0.19140625
30 0.140625 0.904296875 0.1796875 0.19140625