22 0.306640625 0.73828125 0.2890625 0.47265625
19 0.37109375 0.5546875 0.1328125 0.24609375
21 0.470703125 0.47265625 0.0859375 0.11328125
15 0.560546875 0.455078125 0.0859375 0.13671875
22 0.544921875 0.296875 0.12109375 0.109375
11 0.677734375 0.58984375 0.1640625 0.1875
22 0.47265625 0.61328125 0.09375 0.1875
14 0.525390625 0.64453125 0.16015625 0.12890625
27 0.5390625 0.833984375 0.25 0.33203125
26 0.755859375 0.74609375 0.27734375 0.20703125
30 0.759765625 0.888671875 0.17578125 0.19921875
30 0.923828125 0.86328125 0.14453125 0.24609375
0 0.818359375 0.44140625 0.16796875 0.453125