22 0.353515625 0.587890625 0.41015625 0.35546875
27 0.638671875 0.634765625 0.19921875 0.30859375
14 0.54296875 0.515625 0.16796875 0.18359375
26 0.779296875 0.529296875 0.2109375 0.16015625
30 0.90234375 0.5859375 0.11328125 0.1640625
30 0.787109375 0.6484375 0.10546875 0.1328125
11 0.685546875 0.408203125 0.20703125 0.19140625
0 0.79296875 0.232421875 0.1875 0.46484375
15 0.552734375 0.30859375 0.0859375 0.22265625
21 0.466796875 0.310546875 0.12890625 0.20703125
19 0.341796875 0.40625 0.15625 0.21484375