22 0.259765625 0.666015625 0.3671875 0.47265625
14 0.501953125 0.62890625 0.18359375 0.1875
22 0.443359375 0.603515625 0.12109375 0.18359375
27 0.458984375 0.810546875 0.30078125 0.37890625
11 0.654296875 0.646484375 0.21875 0.1640625
26 0.677734375 0.80078125 0.33203125 0.2734375
30 0.658203125 0.90625 0.22265625 0.1875
30 0.8203125 0.91015625 0.1953125 0.1796875
0 0.826171875 0.521484375 0.3125 0.48046875
21 0.49609375 0.439453125 0.1328125 0.1953125
19 0.365234375 0.49609375 0.17578125 0.234375
15 0.5625 0.490234375 0.1484375 0.1953125