22 0.70703125 0.73828125 0.3125 0.37109375
27 0.453125 0.83203125 0.240234375 0.333984375
14 0.47265625 0.646484375 0.18359375 0.1484375
19 0.630859375 0.548828125 0.1328125 0.205078125
21 0.515625 0.453125 0.103515625 0.166015625
15 0.4375 0.447265625 0.083984375 0.1484375
11 0.3046875 0.611328125 0.19140625 0.16015625
26 0.236328125 0.73046875 0.263671875 0.208984375
30 0.07421875 0.865234375 0.146484375 0.2265625
30 0.232421875 0.884765625 0.19140625 0.205078125
0 0.177734375 0.43359375 0.17578125 0.427734375