22 0.26953125 0.705078125 0.3671875 0.4921875
21 0.4921875 0.46875 0.14453125 0.1640625
22 0.455078125 0.60546875 0.12109375 0.20703125
22 0.615234375 0.302734375 0.13671875 0.15625
15 0.5703125 0.453125 0.14453125 0.20703125
19 0.361328125 0.5234375 0.1796875 0.26171875
14 0.50390625 0.638671875 0.18359375 0.1640625
27 0.482421875 0.822265625 0.28515625 0.35546875
11 0.673828125 0.642578125 0.20703125 0.1953125
0 0.818359375 0.478515625 0.26171875 0.46875
26 0.712890625 0.7890625 0.30078125 0.25
30 0.693359375 0.904296875 0.21484375 0.19140625
30 0.849609375 0.90625 0.18359375 0.1875