22 0.712890625 0.736328125 0.330078125 0.4296875
19 0.62890625 0.546875 0.13671875 0.25390625
21 0.5234375 0.46484375 0.11328125 0.181640625
15 0.443359375 0.46875 0.09375 0.201171875
14 0.46484375 0.634765625 0.171875 0.134765625
27 0.462890625 0.826171875 0.259765625 0.337890625
11 0.30859375 0.60546875 0.212890625 0.1796875
26 0.23046875 0.736328125 0.2734375 0.197265625
30 0.072265625 0.84765625 0.14453125 0.21875
30 0.228515625 0.890625 0.1875 0.197265625
0 0.189453125 0.439453125 0.17578125 0.451171875