22 0.6875 0.74609375 0.2890625 0.4453125
21 0.513671875 0.470703125 0.119140625 0.14453125
22 0.5234375 0.611328125 0.083984375 0.193359375
22 0.423828125 0.28515625 0.111328125 0.13671875
15 0.439453125 0.44140625 0.111328125 0.1875
19 0.630859375 0.548828125 0.134765625 0.240234375
14 0.470703125 0.634765625 0.162109375 0.13671875
27 0.455078125 0.828125 0.2265625 0.330078125
11 0.302734375 0.607421875 0.177734375 0.166015625
0 0.19140625 0.41796875 0.1796875 0.44140625
26 0.236328125 0.744140625 0.265625 0.203125
30 0.23046875 0.876953125 0.1796875 0.19140625
30 0.07421875 0.853515625 0.1484375 0.203125