22 0.630859375 0.25 0.1875 0.28515625
22 0.28125 0.724609375 0.3515625 0.4609375
21 0.482421875 0.458984375 0.11328125 0.15234375
11 0.677734375 0.607421875 0.20703125 0.18359375
22 0.47265625 0.603515625 0.1015625 0.15625
14 0.53125 0.619140625 0.14453125 0.13671875
27 0.509765625 0.8125 0.27734375 0.375
27 0.732421875 0.76171875 0.2890625 0.21875
30 0.7265625 0.892578125 0.1953125 0.203125
30 0.88671875 0.873046875 0.171875 0.21875
0 0.830078125 0.46875 0.203125 0.4453125
15 0.56640625 0.451171875 0.08203125 0.18359375
19 0.36328125 0.5390625 0.15234375 0.2578125