22 0.43359375 0.2265625 0.1953125 0.2890625
22 0.658203125 0.767578125 0.36328125 0.46484375
21 0.52734375 0.46484375 0.1171875 0.15625
11 0.302734375 0.560546875 0.2109375 0.1875
22 0.5 0.607421875 0.109375 0.15625
14 0.44140625 0.607421875 0.1484375 0.140625
27 0.41015625 0.802734375 0.2890625 0.39453125
27 0.2109375 0.697265625 0.29296875 0.23046875
30 0.185546875 0.826171875 0.19921875 0.20703125
30 0.0625 0.767578125 0.125 0.22265625
0 0.1875 0.388671875 0.21875 0.44921875
15 0.447265625 0.4375 0.08984375 0.18359375
19 0.625 0.5703125 0.16015625 0.26171875