22 0.689453125 0.72265625 0.26953125 0.416015625
14 0.46484375 0.625 0.150390625 0.154296875
22 0.52734375 0.615234375 0.080078125 0.169921875
27 0.45703125 0.818359375 0.21875 0.345703125
11 0.3125 0.6015625 0.193359375 0.119140625
26 0.25 0.744140625 0.287109375 0.205078125
30 0.234375 0.873046875 0.1796875 0.189453125
30 0.07421875 0.84375 0.146484375 0.208984375
0 0.1796875 0.435546875 0.205078125 0.443359375
21 0.51953125 0.443359375 0.087890625 0.1796875
19 0.630859375 0.53125 0.125 0.2109375
15 0.44140625 0.474609375 0.107421875 0.171875