22 0.271484375 0.720703125 0.359375 0.453125
19 0.3671875 0.537109375 0.15234375 0.26171875
21 0.478515625 0.462890625 0.125 0.1875
15 0.55859375 0.47265625 0.109375 0.20703125
14 0.525390625 0.63671875 0.1796875 0.14453125
27 0.51171875 0.82421875 0.28125 0.3515625
11 0.68359375 0.619140625 0.2265625 0.1953125
26 0.751953125 0.75390625 0.28515625 0.21484375
30 0.90234375 0.876953125 0.16015625 0.2265625
30 0.744140625 0.900390625 0.19921875 0.19921875
0 0.814453125 0.4609375 0.20703125 0.4609375