22 0.2890625 0.701171875 0.3125 0.44140625
14 0.521484375 0.62890625 0.1640625 0.16796875
22 0.4609375 0.611328125 0.09765625 0.17578125
27 0.509765625 0.818359375 0.25390625 0.36328125
11 0.67578125 0.62109375 0.203125 0.140625
26 0.72265625 0.76953125 0.30859375 0.234375
30 0.724609375 0.896484375 0.19921875 0.20703125
30 0.88671875 0.88671875 0.16796875 0.22265625
0 0.826171875 0.46875 0.25 0.4609375
21 0.486328125 0.44140625 0.10546875 0.1875
19 0.3671875 0.517578125 0.14453125 0.22265625
15 0.560546875 0.48046875 0.125 0.18359375