22 0.533203125 0.251953125 0.23046875 0.421875
22 0.626953125 0.517578125 0.1640625 0.271484375
22 0.689453125 0.73046875 0.267578125 0.431640625
21 0.517578125 0.474609375 0.07421875 0.11328125
15 0.44140625 0.455078125 0.087890625 0.18359375
14 0.46875 0.6328125 0.16796875 0.154296875
27 0.453125 0.814453125 0.234375 0.333984375
11 0.306640625 0.595703125 0.19140625 0.154296875
0 0.17578125 0.431640625 0.16796875 0.43359375
26 0.236328125 0.73828125 0.26953125 0.189453125
30 0.236328125 0.87890625 0.169921875 0.173828125
30 0.07421875 0.85546875 0.1484375 0.224609375