22 0.396484375 0.23828125 0.16015625 0.26953125
22 0.693359375 0.74609375 0.306640625 0.431640625
21 0.521484375 0.4609375 0.09765625 0.14453125
11 0.3125 0.587890625 0.19140625 0.1640625
22 0.515625 0.60546875 0.087890625 0.146484375
14 0.45703125 0.615234375 0.130859375 0.123046875
27 0.455078125 0.81640625 0.2421875 0.3671875
27 0.2421875 0.736328125 0.26953125 0.193359375
30 0.234375 0.8671875 0.17578125 0.185546875
30 0.076171875 0.830078125 0.15234375 0.205078125
0 0.17578125 0.43359375 0.16015625 0.431640625
15 0.439453125 0.4453125 0.064453125 0.177734375
19 0.6328125 0.552734375 0.12890625 0.24609375