22 0.33203125 0.767578125 0.3671875 0.4140625
27 0.59765625 0.818359375 0.2890625 0.36328125
14 0.55078125 0.640625 0.203125 0.17578125
19 0.37890625 0.568359375 0.1640625 0.22265625
21 0.4765625 0.45703125 0.12890625 0.1796875
15 0.552734375 0.4375 0.10546875 0.16015625
11 0.7109375 0.580078125 0.21484375 0.1875
26 0.796875 0.685546875 0.29296875 0.24609375
30 0.943359375 0.794921875 0.11328125 0.24609375
30 0.82421875 0.837890625 0.22265625 0.234375
0 0.80859375 0.384765625 0.2421875 0.44921875