22 0.689453125 0.7421875 0.28125 0.46875
19 0.62890625 0.556640625 0.126953125 0.244140625
21 0.529296875 0.47265625 0.08203125 0.11328125
15 0.439453125 0.453125 0.083984375 0.134765625
22 0.458984375 0.296875 0.12109375 0.10546875
11 0.3203125 0.5859375 0.162109375 0.185546875
22 0.525390625 0.61328125 0.091796875 0.1875
14 0.47265625 0.64453125 0.158203125 0.126953125
27 0.453125 0.8359375 0.244140625 0.328125
26 0.240234375 0.7421875 0.2734375 0.201171875
30 0.234375 0.884765625 0.173828125 0.1953125
30 0.0703125 0.85546875 0.140625 0.2421875
0 0.18359375 0.435546875 0.158203125 0.451171875